2301.0	2540.0	2784.0	2309.0	3514.0	3534.0	3439.0	2252.0	2750.0	4552.0	0.0	
2759.0	2510.0	3602.0	3097.0	2977.0	2964.0	3351.0	3174.0	2805.0	3241.0	0.0	
3147.0	3251.0	2765.0	2759.0	3419.0	3182.0	3776.0	2984.0	2748.0	2396.0	0.0	
3685.0	2712.0	2247.0	2829.0	4077.0	3338.0	3412.0	2098.0	2252.0	3516.0	0.0	
2930.0	2106.0	2938.0	2632.0	3177.0	2841.0	4336.0	3220.0	3050.0	3436.0	0.0	
2150.0	2519.0	3644.0	3449.0	3436.0	3375.0	3852.0	2925.0	3147.0	2754.0	0.0	
2952.0	3291.0	2214.0	3295.0	3861.0	2903.0	3042.0	3516.0	3256.0	2083.0	0.0	
2927.0	3076.0	3875.0	2457.0	3060.0	2697.0	2730.0	3585.0	3218.0	3296.0	0.0	
3059.0	3578.0	2738.0	3039.0	3573.0	2670.0	3335.0	3078.0	2153.0	3161.0	0.0	
2344.0	2592.0	2363.0	3697.0	2614.0	2848.0	3013.0	3114.0	4254.0	3310.0	0.0	
2334.0	3326.0	3457.0	3070.0	2165.0	3668.0	3168.0	3059.0	3620.0	2872.0	0.0	
4105.0	3317.0	4083.0	2262.0	3510.0	3063.0	3095.0	2931.0	2185.0	2330.0	0.0	
2599.0	3843.0	3129.0	2669.0	2574.0	3762.0	3966.0	2143.0	2885.0	3507.0	0.0	
3979.0	2446.0	3360.0	2824.0	2820.0	3491.0	3391.0	2475.0	2040.0	3158.0	0.0	
2469.0	3119.0	3153.0	3210.0	2707.0	2694.0	3314.0	3502.0	3248.0	2976.0	0.0	
3716.0	2899.0	3308.0	3895.0	3197.0	2464.0	1662.0	3497.0	3184.0	2752.0	0.0	
2978.0	2401.0	2592.0	3064.0	3558.0	3217.0	2422.0	3858.0	3853.0	3170.0	0.0	
3029.0	2477.0	2916.0	3172.0	3050.0	2585.0	3967.0	3175.0	2862.0	3749.0	0.0	
2793.0	2837.0	2777.0	3156.0	2573.0	3513.0	3114.0	3730.0	2098.0	2970.0	0.0	
2150.0	2754.0	3349.0	3244.0	3652.0	3947.0	2628.0	4031.0	2554.0	3116.0	0.0	
2703.0	3638.0	3481.0	3442.0	2653.0	3652.0	2463.0	3273.0	2718.0	2998.0	0.0	
2746.0	3023.0	2618.0	3596.0	2808.0	3231.0	3423.0	2836.0	2792.0	3314.0	0.0	
3501.0	3387.0	3347.0	3223.0	2781.0	2924.0	2545.0	3071.0	1922.0	3503.0	0.0	
3035.0	2917.0	3089.0	3188.0	3435.0	3344.0	2714.0	1940.0	4094.0	2362.0	0.0	
2884.0	3305.0	2460.0	2733.0	2957.0	3523.0	3250.0	3029.0	3058.0	3108.0	0.0	
2608.0	2813.0	3106.0	3455.0	2807.0	3420.0	2774.0	3382.0	2275.0	3768.0	0.0	
4072.0	3308.0	1620.0	2486.0	3390.0	3408.0	3959.0	2944.0	2959.0	2455.0	0.0	
3775.0	2817.0	3273.0	2971.0	2902.0	3144.0	2268.0	3085.0	3122.0	3342.0	0.0	
2147.0	1910.0	2823.0	3494.0	3467.0	2810.0	3615.0	3065.0	3699.0	3588.0	0.0	
2633.0	3322.0	2676.0	3462.0	3921.0	3269.0	2110.0	3544.0	3014.0	2889.0	0.0	
2092.0	2879.0	2790.0	2945.0	2771.0	3317.0	3336.0	3267.0	3698.0	3398.0	0.0	
2030.0	2937.0	2859.0	2999.0	3345.0	3687.0	2900.0	3754.0	2996.0	2975.0	0.0	
2635.0	3672.0	2575.0	2968.0	3243.0	2602.0	2643.0	3873.0	2369.0	3830.0	0.0	
3747.0	3571.0	2438.0	3439.0	3936.0	3133.0	2013.0	2806.0	2954.0	2245.0	0.0	
2739.0	3517.0	3111.0	3343.0	3327.0	2888.0	2714.0	2459.0	2451.0	2813.0	0.0	
2574.0	3431.0	1500.0	3634.0	2886.0	2993.0	2815.0	3100.0	3789.0	3634.0	0.0	
3523.0	2744.0	2611.0	2328.0	4071.0	3433.0	3650.0	2928.0	2434.0	2750.0	0.0	
3003.0	3537.0	2780.0	3683.0	2664.0	2380.0	2982.0	3151.0	2705.0	3573.0	0.0	
3100.0	3168.0	2513.0	2803.0	3113.0	2648.0	3361.0	2556.0	3401.0	3988.0	0.0	
3203.0	2947.0	3131.0	2835.0	3019.0	3561.0	3654.0	1933.0	3200.0	3027.0	0.0	
2877.0	3105.0	2609.0	3273.0	2262.0	3694.0	3252.0	3003.0	2902.0	3398.0	0.0	
2706.0	3254.0	2459.0	3370.0	3598.0	2908.0	2994.0	3736.0	2703.0	3290.0	0.0	
3256.0	2717.0	2605.0	3050.0	3228.0	3184.0	3386.0	2931.0	2752.0	3675.0	0.0	
2714.0	4113.0	2651.0	2895.0	3243.0	3630.0	3626.0	2728.0	2907.0	2339.0	0.0	
2319.0	3110.0	3137.0	3361.0	3734.0	3685.0	3467.0	3805.0	1562.0	2490.0	0.0	
3141.0	3111.0	3215.0	2243.0	2795.0	2917.0	2873.0	3912.0	3274.0	4077.0	0.0	
2896.0	3573.0	2359.0	3515.0	2905.0	3016.0	2930.0	3374.0	2863.0	3290.0	0.0	
3295.0	3562.0	2097.0	2527.0	2502.0	2655.0	4168.0	2647.0	4093.0	3468.0	0.0	
3266.0	4013.0	3266.0	2784.0	3238.0	2898.0	3149.0	3107.0	2516.0	2384.0	0.0	
2922.0	2969.0	3114.0	3050.0	2896.0	3529.0	2438.0	3156.0	3160.0	3347.0	0.0	
3042.0	3038.0	3431.0	3864.0	3337.0	2554.0	2730.0	2973.0	2493.0	2936.0	0.0	
3138.0	2566.0	2791.0	3739.0	3006.0	2943.0	3027.0	3801.0	2762.0	3323.0	0.0	
2838.0	3114.0	2540.0	2969.0	4032.0	2731.0	3510.0	3032.0	2929.0	3276.0	0.0	
2633.0	3028.0	3415.0	2874.0	2453.0	3005.0	2826.0	2282.0	3993.0	3886.0	0.0	
3466.0	2732.0	2704.0	2888.0	2791.0	3133.0	3247.0	3274.0	3005.0	3763.0	0.0	
2902.0	3106.0	4172.0	2510.0	3556.0	3274.0	3062.0	2881.0	2390.0	2561.0	0.0	
3346.0	1935.0	3596.0	2097.0	4094.0	2930.0	2695.0	2909.0	3490.0	3310.0	0.0	
3485.0	3392.0	2827.0	2877.0	2496.0	3599.0	2832.0	2742.0	3537.0	3102.0	0.0	
2523.0	2624.0	2530.0	4116.0	2900.0	3093.0	3205.0	3260.0	2758.0	3627.0	0.0	
2780.0	3558.0	2761.0	2575.0	3998.0	3109.0	3399.0	2961.0	3128.0	2782.0	0.0	
3667.0	2700.0	3166.0	3410.0	2911.0	3097.0	3980.0	2295.0	2725.0	2949.0	0.0	
3424.0	3252.0	4510.0	3360.0	3232.0	2958.0	3067.0	2176.0	2391.0	2633.0	0.0	
3682.0	3075.0	3797.0	2672.0	2520.0	3000.0	3536.0	1586.0	3250.0	3048.0	0.0	
3341.0	3330.0	2639.0	3137.0	3231.0	3108.0	3420.0	4019.0	1950.0	2257.0	0.0	
2336.0	3639.0	2830.0	3092.0	3575.0	2548.0	3565.0	3273.0	3078.0	2502.0	0.0	
3206.0	2390.0	2350.0	3716.0	3512.0	2131.0	3259.0	3299.0	3008.0	3091.0	0.0	
3772.0	3081.0	2206.0	3439.0	3145.0	3198.0	2660.0	3066.0	2745.0	3648.0	0.0	
2298.0	3492.0	2670.0	3419.0	3504.0	3305.0	2884.0	2622.0	3318.0	2688.0	0.0	
3805.0	3001.0	2810.0	2335.0	3435.0	2933.0	3486.0	3010.0	2986.0	2431.0	0.0	
3728.0	2686.0	3225.0	3310.0	3039.0	3041.0	2502.0	3488.0	3272.0	3180.0	0.0	
3599.0	3019.0	3481.0	2333.0	2855.0	3076.0	2727.0	2864.0	3344.0	2939.0	0.0	
2665.0	3731.0	3422.0	2613.0	2578.0	2585.0	2842.0	3315.0	3467.0	3220.0	0.0	
2961.0	2919.0	2937.0	2956.0	2884.0	3295.0	3748.0	3185.0	3121.0	2454.0	0.0	
2954.0	3262.0	2595.0	3438.0	2656.0	3094.0	3723.0	3128.0	3289.0	2307.0	0.0	
3416.0	3626.0	2122.0	2869.0	2819.0	2997.0	2689.0	3190.0	3213.0	3271.0	0.0	
3261.0	3618.0	3129.0	2547.0	2571.0	3266.0	2755.0	3602.0	2364.0	3222.0	0.0	
2299.0	2952.0	2536.0	3087.0	3843.0	3061.0	3524.0	2563.0	3797.0	2983.0	0.0	
3278.0	2990.0	2917.0	2961.0	3646.0	2786.0	2841.0	3806.0	2236.0	2587.0	0.0	
2885.0	2764.0	3037.0	3003.0	2648.0	3152.0	3349.0	3599.0	3340.0	2467.0	0.0	
3487.0	3008.0	3462.0	3245.0	3263.0	3229.0	2960.0	2559.0	2625.0	3085.0	0.0	
2403.0	3274.0	2987.0	4178.0	3387.0	2258.0	2454.0	3247.0	3011.0	3633.0	0.0	
2414.0	2777.0	3539.0	3751.0	2500.0	2771.0	3480.0	2244.0	3245.0	3243.0	0.0	
2992.0	2866.0	2913.0	3490.0	3595.0	2464.0	2433.0	3783.0	2946.0	3117.0	0.0	
3516.0	3016.0	3981.0	2862.0	3458.0	2866.0	2914.0	3182.0	2772.0	2284.0	0.0	
2843.0	2628.0	2937.0	2993.0	2698.0	3186.0	2994.0	4190.0	3257.0	3295.0	0.0	
3419.0	2733.0	2467.0	2146.0	3521.0	3270.0	2742.0	3550.0	2896.0	3781.0	0.0	
1708.0	2366.0	2970.0	3458.0	4376.0	3002.0	3019.0	3839.0	3086.0	2492.0	0.0	
3311.0	3221.0	3701.0	3272.0	2632.0	3008.0	3318.0	3168.0	3093.0	2220.0	0.0	
2685.0	3071.0	3337.0	3214.0	2070.0	3064.0	3041.0	3241.0	3497.0	3285.0	0.0	
3108.0	3818.0	2852.0	3139.0	3866.0	2491.0	3348.0	2708.0	2679.0	2807.0	0.0	
2686.0	2745.0	2854.0	3157.0	2777.0	2856.0	3679.0	3190.0	3312.0	3116.0	0.0	
2974.0	3029.0	3044.0	2844.0	2840.0	2737.0	2799.0	2838.0	4017.0	3095.0	0.0	
3362.0	2804.0	2886.0	3530.0	3006.0	3872.0	2918.0	2933.0	2311.0	2511.0	0.0	
2865.0	3675.0	2660.0	4033.0	2682.0	3805.0	2988.0	3516.0	1602.0	3533.0	0.0	
3644.0	2933.0	2848.0	2853.0	3408.0	2746.0	3617.0	2878.0	2675.0	2774.0	0.0	
2283.0	4172.0	2396.0	3323.0	3222.0	2601.0	3234.0	3120.0	2557.0	3117.0	0.0	
3768.0	3015.0	2783.0	3052.0	2883.0	2913.0	3721.0	2692.0	2260.0	2940.0	0.0	
2524.0	3804.0	1814.0	3157.0	2966.0	4086.0	3309.0	2750.0	3375.0	2119.0	0.0	
2818.0	3129.0	2609.0	2045.0	3167.0	2771.0	3806.0	3368.0	3050.0	3300.0	0.0	
2209.0	3371.0	2132.0	3064.0	2474.0	3004.0	3128.0	2844.0	2950.0	3026.0	0.0	
1421.0	3820.0	2650.0	2950.0	2580.0	3000.0	2502.0	3454.0	2651.0	2352.0	0.0	
3243.0	2755.0	2454.0	2950.0	3732.0	2556.0	3058.0	2441.0	3366.0	2864.0	0.0	
3006.0	1200.0	2911.0	2300.0	2902.0	3350.0	3957.0	3100.0	2700.0	3556.0	0.0	
2444.0	3070.0	3486.0	2600.0	3672.0	2400.0	3172.0	2466.0	3342.0	3779.0	0.0	
3416.0	3336.0	2751.0	2794.0	1970.0	2793.0	3238.0	2933.0	3554.0	3695.0	0.0	
2357.0	3881.0	3287.0	3194.0	3002.0	1900.0	2522.0	3488.0	3213.0	3730.0	0.0	
3571.0	3888.0	3764.0	1859.0	2862.0	3100.0	2444.0	3875.0	2811.0	2567.0	0.0	
2597.0	3651.0	3485.0	3470.0	2687.0	3173.0	3583.0	2621.0	3227.0	2252.0	0.0	
3632.0	3375.0	2551.0	2864.0	3257.0	2882.0	3930.0	1662.0	3646.0	1901.0	0.0	
3899.0	3491.0	2993.0	2416.0	2907.0	1666.0	3385.0	2628.0	2801.0	2240.0	0.0	
3181.0	2905.0	2307.0	2991.0	3477.0	3682.0	3384.0	2520.0	2406.0	2750.0	0.0	
3461.0	2941.0	3261.0	3063.0	2406.0	2797.0	3666.0	3284.0	2757.0	2396.0	0.0	
3901.0	3009.0	3573.0	2962.0	3384.0	2450.0	2848.0	3477.0	2543.0	2657.0	0.0	
2323.0	4158.0	3354.0	3671.0	2547.0	3348.0	2600.0	3273.0	2878.0	2893.0	0.0	
2763.0	2976.0	3749.0	2897.0	2905.0	3173.0	3758.0	2953.0	2602.0	2864.0	0.0	
2918.0	3838.0	3463.0	4165.0	2888.0	3195.0	2590.0	3002.0	2527.0	2850.0	0.0	
2623.0	3917.0	2758.0	4069.0	2370.0	3801.0	2511.0	3060.0	3123.0	3280.0	0.0	
3225.0	2822.0	2950.0	2861.0	3225.0	2943.0	3006.0	3609.0	2851.0	3486.0	0.0	
3862.0	2706.0	2623.0	2920.0	3066.0	3464.0	2853.0	3145.0	3128.0	2821.0	0.0	
2917.0	2828.0	2062.0	3370.0	2732.0	2941.0	3127.0	2808.0	3807.0	4028.0	0.0	
3215.0	2200.0	3458.0	2134.0	3689.0	3483.0	2481.0	3890.0	3036.0	2892.0	0.0	
3113.0	3559.0	3213.0	3583.0	2717.0	2782.0	2612.0	2855.0	2868.0	3206.0	0.0	
3199.0	2584.0	2847.0	2361.0	2746.0	3241.0	3121.0	3026.0	2737.0	4219.0	0.0	
2681.0	2931.0	2581.0	2935.0	3202.0	3358.0	3823.0	3700.0	3300.0	2003.0	0.0	
3763.0	3000.0	2987.0	4222.0	3509.0	3447.0	3002.0	2304.0	1750.0	2386.0	0.0	
3059.0	3000.0	2802.0	3157.0	2925.0	3480.0	3772.0	3211.0	2886.0	2773.0	0.0	
2548.0	2451.0	3064.0	3385.0	2714.0	2768.0	3321.0	3682.0	3259.0	2863.0	0.0	
3203.0	3618.0	2885.0	2303.0	3484.0	3768.0	2959.0	2527.0	3064.0	2667.0	0.0	
3789.0	3214.0	2610.0	2589.0	3078.0	3011.0	3590.0	2987.0	2882.0	3054.0	0.0	
2601.0	2977.0	2722.0	2450.0	2956.0	3686.0	3291.0	3556.0	3707.0	2357.0	0.0	
3194.0	3077.0	2776.0	3233.0	2899.0	2520.0	3596.0	2969.0	3062.0	3337.0	0.0	
3064.0	3064.0	2597.0	3134.0	2954.0	1941.0	3055.0	3174.0	3954.0	3618.0	0.0	
2659.0	3138.0	2611.0	3455.0	2829.0	3018.0	2587.0	3423.0	3654.0	3293.0	0.0	
2275.0	3484.0	3701.0	2472.0	3536.0	2670.0	3112.0	3116.0	3135.0	2632.0	0.0	
3132.0	3610.0	2499.0	2396.0	2745.0	3339.0	2781.0	3390.0	3609.0	3225.0	0.0	
1861.0	2751.0	3295.0	3669.0	3400.0	2919.0	2552.0	3629.0	3063.0	3361.0	0.0	
2947.0	3217.0	2969.0	3469.0	3151.0	2705.0	2484.0	2420.0	2941.0	3667.0	0.0	
2441.0	3131.0	3298.0	3234.0	3400.0	2419.0	2327.0	3072.0	3639.0	3562.0	0.0	
2432.0	3603.0	2255.0	4109.0	2251.0	2951.0	3823.0	2161.0	2858.0	3504.0	0.0	
3295.0	3353.0	3013.0	2786.0	3362.0	2054.0	3096.0	3699.0	3184.0	2899.0	0.0	
3401.0	2347.0	2540.0	2339.0	3202.0	3428.0	3517.0	3075.0	3412.0	2854.0	0.0	
2988.0	1883.0	3183.0	3477.0	3284.0	2673.0	3225.0	3143.0	2933.0	3201.0	0.0	
2648.0	3444.0	3402.0	2842.0	2458.0	3203.0	2939.0	2661.0	2672.0	2701.0	0.0	
3542.0	2108.0	3317.0	2211.0	2906.0	2486.0	3583.0	3667.0	3098.0	3263.0	0.0	
3062.0	3285.0	3496.0	3058.0	1352.0	2601.0	3696.0	3815.0	3285.0	2846.0	0.0	
2405.0	2899.0	2829.0	3118.0	3085.0	3320.0	2472.0	3485.0	3375.0	3347.0	0.0	
3812.0	2845.0	3011.0	2928.0	3201.0	3721.0	2088.0	3086.0	2798.0	3282.0	0.0	
3265.0	2863.0	2986.0	3235.0	3122.0	2543.0	2830.0	3368.0	3346.0	2961.0	0.0	
2849.0	2879.0	2296.0	3600.0	3143.0	3018.0	2878.0	3478.0	2719.0	3414.0	0.0	
3203.0	1972.0	3817.0	2738.0	3786.0	2572.0	3192.0	2651.0	3690.0	2645.0	0.0	
3193.0	2896.0	3564.0	2609.0	3389.0	3238.0	3368.0	2908.0	3162.0	2490.0	0.0	
2169.0	3151.0	3748.0	2723.0	3089.0	3129.0	3611.0	3242.0	2889.0	2951.0	0.0	
3203.0	2631.0	3126.0	3094.0	3303.0	2662.0	2675.0	2507.0	2657.0	4249.0	0.0	
3636.0	3616.0	3019.0	1726.0	2861.0	2879.0	3065.0	2541.0	3382.0	3914.0	0.0	
3455.0	3742.0	2725.0	2751.0	2529.0	2717.0	3376.0	3047.0	2591.0	3167.0	0.0	
3262.0	3326.0	2446.0	2600.0	3452.0	3710.0	2711.0	2885.0	2812.0	3570.0	0.0	
2688.0	3940.0	2610.0	3435.0	3912.0	2819.0	2970.0	2740.0	3707.0	2352.0	0.0	
2667.0	3731.0	1949.0	3290.0	2874.0	2901.0	2958.0	3506.0	3367.0	3206.0	0.0	
2538.0	3205.0	2820.0	3662.0	3562.0	3870.0	2673.0	3055.0	2409.0	2585.0	0.0	
2753.0	2692.0	3585.0	2937.0	3214.0	2399.0	3512.0	2840.0	2925.0	2734.0	0.0	
3967.0	2519.0	3588.0	2559.0	3052.0	3698.0	3298.0	3202.0	2202.0	2817.0	0.0	
3439.0	3071.0	2705.0	3919.0	3290.0	2284.0	3686.0	2991.0	3023.0	1763.0	0.0	
3881.0	3169.0	3316.0	2856.0	2044.0	2409.0	3464.0	2606.0	3328.0	3161.0	0.0	
2904.0	2756.0	3756.0	3680.0	2143.0	3458.0	3544.0	3092.0	3643.0	2159.0	0.0	
3287.0	3197.0	3228.0	2959.0	3540.0	2823.0	2537.0	3464.0	2971.0	2761.0	0.0	
3627.0	2137.0	2486.0	2452.0	3519.0	3164.0	2822.0	2779.0	3867.0	3021.0	0.0	
3764.0	2463.0	3053.0	2958.0	3275.0	2613.0	2937.0	3206.0	3342.0	2697.0	0.0	
2341.0	2627.0	2743.0	2989.0	3622.0	3144.0	3544.0	2796.0	3762.0	3398.0	0.0	
3658.0	2881.0	3221.0	2416.0	2048.0	3762.0	3764.0	3222.0	3389.0	3472.0	0.0	
2728.0	3830.0	3030.0	2863.0	3211.0	2680.0	3380.0	2824.0	2594.0	3148.0	0.0	
2895.0	2931.0	2621.0	2895.0	2697.0	3571.0	3823.0	3490.0	3595.0	2519.0	0.0	
2649.0	3566.0	3117.0	3218.0	3237.0	3571.0	2713.0	2810.0	2948.0	2944.0	0.0	
3285.0	2543.0	2390.0	3630.0	2832.0	2193.0	3374.0	2576.0	3608.0	3204.0	0.0	
3377.0	3731.0	2530.0	3212.0	3627.0	2110.0	2912.0	3337.0	3030.0	3441.0	0.0	
3130.0	2776.0	2859.0	3716.0	2184.0	3309.0	3539.0	2903.0	3090.0	2868.0	0.0	
3775.0	3444.0	3588.0	2632.0	3440.0	3438.0	2844.0	3099.0	2473.0	3018.0	0.0	
2878.0	3126.0	2830.0	3150.0	2608.0	2672.0	3156.0	3204.0	3421.0	3452.0	0.0	
4058.0	3168.0	2400.0	2250.0	2212.0	2766.0	3639.0	3479.0	1823.0	3381.0	0.0	
2838.0	2767.0	2630.0	3673.0	3285.0	2542.0	3225.0	3461.0	2000.0	3818.0	0.0	
2309.0	2634.0	2900.0	3161.0	2711.0	3461.0	3461.0	3284.0	3184.0	3508.0	0.0	
3033.0	3611.0	2909.0	2617.0	3063.0	3508.0	3546.0	2489.0	2957.0	2964.0	0.0	
2680.0	4328.0	2807.0	2017.0	2739.0	3840.0	3037.0	2210.0	2180.0	4346.0	0.0	
2707.0	2793.0	3479.0	2983.0	3146.0	3812.0	2931.0	2666.0	4027.0	2472.0	0.0	
2917.0	3481.0	2813.0	3387.0	2806.0	2817.0	3125.0	3017.0	2922.0	2796.0	0.0	
3365.0	3521.0	3005.0	3418.0	2563.0	3181.0	2766.0	1829.0	3155.0	4275.0	0.0	
3105.0	3764.0	2963.0	2544.0	3260.0	1995.0	3468.0	2860.0	3852.0	2828.0	0.0	
3131.0	3414.0	3054.0	2871.0	2945.0	2913.0	3498.0	3386.0	2975.0	2409.0	0.0	
2652.0	3079.0	3680.0	2455.0	2758.0	2621.0	3072.0	3283.0	4110.0	1843.0	0.0	
1816.0	3368.0	3963.0	2835.0	2548.0	3992.0	2451.0	2848.0	3609.0	2524.0	0.0	
2839.0	3333.0	2730.0	2240.0	3150.0	2159.0	3627.0	3100.0	3336.0	3103.0	0.0	
2743.0	3075.0	3564.0	1992.0	3737.0	3974.0	4037.0	2974.0	2673.0	1506.0	0.0	
3877.0	3552.0	3030.0	2101.0	3631.0	2325.0	3236.0	2171.0	3074.0	2950.0	0.0	
2975.0	3035.0	3992.0	3949.0	1802.0	2359.0	4157.0	3153.0	2137.0	2469.0	0.0	
3124.0	3107.0	3589.0	3466.0	2850.0	2619.0	2912.0	2410.0	3373.0	2651.0	0.0	
2918.0	3334.0	3204.0	3378.0	2659.0	2921.0	2210.0	3629.0	4282.0	3052.0	0.0	
3596.0	3479.0	2575.0	3243.0	2950.0	3126.0	2201.0	3338.0	2549.0	3669.0	0.0	
2536.0	2894.0	2935.0	3224.0	2601.0	3868.0	3770.0	2732.0	3285.0	2885.0	0.0	
4300.0	3236.0	2558.0	2984.0	2086.0	2587.0	1869.0	3534.0	3686.0	2839.0	0.0	
4055.0	3232.0	3542.0	2218.0	2590.0	2503.0	3213.0	3515.0	2655.0	2798.0	0.0	
3823.0	3348.0	3212.0	3551.0	2239.0	3051.0	2828.0	2793.0	3008.0	2372.0	0.0	
3224.0	2888.0	2892.0	3233.0	3224.0	2942.0	3240.0	3481.0	2799.0	2226.0	0.0	
3217.0	2824.0	3495.0	3092.0	3286.0	1909.0	3237.0	3291.0	2870.0	3150.0	0.0	
3317.0	2755.0	3137.0	2666.0	3344.0	3663.0	2910.0	2523.0	3377.0	2786.0	0.0	
2711.0	3731.0	2632.0	3521.0	3248.0	3617.0	3084.0	2197.0	2928.0	2612.0	0.0	
2727.0	3164.0	3238.0	2466.0	3189.0	3383.0	3414.0	3060.0	2824.0	2727.0	0.0	
3644.0	3018.0	3107.0	3070.0	2467.0	3180.0	3395.0	3351.0	2700.0	2344.0	0.0	
3114.0	2610.0	2961.0	3663.0	2782.0	4090.0	2733.0	2357.0	2901.0	3323.0	0.0	
3781.0	2970.0	3854.0	2842.0	3059.0	4232.0	2810.0	2436.0	1973.0	2702.0	0.0	
2721.0	3333.0	2505.0	3664.0	2640.0	3110.0	2941.0	2964.0	3803.0	2610.0	0.0	
1200.0	3253.0	3409.0	3346.0	3850.0	3457.0	2241.0	3165.0	3310.0	3267.0	0.0	
3244.0	3091.0	2727.0	2829.0	3561.0	2356.0	3104.0	2587.0	2867.0	4207.0	0.0	
3309.0	3588.0	2170.0	3308.0	3389.0	2552.0	3218.0	3386.0	3154.0	2710.0	0.0	
2338.0	3161.0	3598.0	2067.0	2621.0	4162.0	3484.0	3472.0	2971.0	3134.0	0.0	
2334.0	2806.0	3532.0	3289.0	3529.0	2338.0	2913.0	3389.0	3536.0	2527.0	0.0	
3893.0	3643.0	2976.0	3536.0	3532.0	2965.0	2105.0	3165.0	2362.0	2548.0	0.0	
3365.0	3158.0	3397.0	3376.0	2730.0	2006.0	3855.0	2803.0	3578.0	2708.0	0.0	
2772.0	3275.0	2506.0	2423.0	3102.0	3324.0	3371.0	2602.0	2991.0	4058.0	0.0	
2694.0	2944.0	2921.0	3158.0	2952.0	2583.0	3556.0	3309.0	2987.0	3076.0	0.0	
2887.0	3150.0	3127.0	3037.0	3159.0	3741.0	3332.0	3040.0	2642.0	2491.0	0.0	
2904.0	3251.0	2693.0	2401.0	3599.0	3381.0	1842.0	3394.0	3461.0	4007.0	0.0	
2651.0	3286.0	3835.0	2853.0	2516.0	3280.0	2862.0	2958.0	2707.0	3163.0	0.0	
3850.0	3100.0	3681.0	2683.0	2932.0	2614.0	2561.0	3077.0	3378.0	3532.0	0.0	
3391.0	2501.0	3441.0	2466.0	2828.0	2910.0	3811.0	2797.0	2548.0	3166.0	0.0	
2985.0	2300.0	3573.0	3863.0	2651.0	3243.0	2521.0	3030.0	2098.0	2910.0	0.0	
3244.0	2117.0	2921.0	3065.0	3268.0	2945.0	3322.0	2864.0	2741.0	2603.0	0.0	
3603.0	3022.0	3134.0	2752.0	3217.0	2974.0	2188.0	3159.0	2882.0	3100.0	0.0	
2154.0	3059.0	4069.0	3857.0	3129.0	3284.0	3296.0	2215.0	2894.0	2859.0	0.0	
2591.0	3465.0	2708.0	3338.0	3513.0	2106.0	3981.0	3104.0	2564.0	3374.0	0.0	
2868.0	2547.0	3489.0	2788.0	3322.0	2562.0	3209.0	2656.0	4261.0	3191.0	0.0	
3253.0	3241.0	2525.0	2900.0	3816.0	3931.0	2518.0	3349.0	3105.0	2338.0	0.0	
2804.0	2472.0	3163.0	3181.0	2895.0	2700.0	2975.0	2737.0	3807.0	3327.0	0.0	
2640.0	3641.0	2929.0	2461.0	3609.0	2700.0	2048.0	3319.0	2805.0	3667.0	0.0	
3486.0	2486.0	1396.0	3604.0	3620.0	2509.0	3092.0	3734.0	3671.0	2415.0	0.0	
3789.0	2852.0	2826.0	3831.0	3066.0	2734.0	3108.0	2410.0	3211.0	2444.0	0.0	
3632.0	3313.0	2441.0	2713.0	2930.0	3609.0	2838.0	3731.0	2754.0	2691.0	0.0	
2877.0	2489.0	3105.0	2999.0	2759.0	3239.0	2957.0	2857.0	3897.0	3647.0	0.0	
3417.0	3240.0	2815.0	3084.0	3086.0	2858.0	2830.0	2808.0	3260.0	2940.0	0.0	
2681.0	3238.0	3519.0	2925.0	3028.0	1850.0	2950.0	3323.0	3773.0	3552.0	0.0	
3871.0	3227.0	3584.0	3577.0	2961.0	3827.0	2001.0	2094.0	3145.0	1955.0	0.0	
3651.0	2415.0	2886.0	3630.0	2641.0	3129.0	3031.0	2564.0	3386.0	2991.0	0.0	
3417.0	2800.0	3001.0	3698.0	3062.0	2992.0	2505.0	2943.0	2863.0	3364.0	0.0	
3371.0	3508.0	2366.0	2557.0	4324.0	2989.0	2682.0	3330.0	2772.0	3079.0	0.0	
2672.0	3569.0	3282.0	3059.0	3306.0	2560.0	2593.0	4080.0	2325.0	3210.0	0.0	
3465.0	2884.0	2567.0	3122.0	3860.0	3554.0	2189.0	2485.0	2965.0	3317.0	0.0	
3207.0	2866.0	3603.0	3046.0	3407.0	3211.0	3238.0	2397.0	3478.0	2528.0	0.0	
2285.0	3532.0	2742.0	2362.0	3218.0	4078.0	3937.0	2880.0	2623.0	3579.0	0.0	
3077.0	2736.0	3286.0	2011.0	2855.0	3746.0	3321.0	3486.0	3273.0	3072.0	0.0	
3066.0	3251.0	3503.0	2823.0	3185.0	3867.0	2825.0	2577.0	3372.0	3048.0	0.0	
3168.0	3203.0	2786.0	3515.0	2989.0	2609.0	3105.0	2950.0	2866.0	2798.0	0.0	
3024.0	3050.0	2762.0	2475.0	3786.0	3712.0	2762.0	3007.0	2966.0	3316.0	0.0	
3433.0	3253.0	2677.0	3202.0	3259.0	2651.0	3374.0	2949.0	2698.0	2884.0	0.0	
3049.0	2891.0	3166.0	2239.0	3564.0	3184.0	3071.0	2649.0	2532.0	3509.0	0.0	
2337.0	1526.0	3340.0	3983.0	3165.0	2571.0	3425.0	2690.0	4020.0	3462.0	0.0	
2978.0	2968.0	3288.0	2886.0	3081.0	3407.0	3103.0	3797.0	2580.0	2975.0	0.0	
2770.0	2409.0	3653.0	2831.0	3021.0	4533.0	2415.0	3421.0	2556.0	3534.0	0.0	
3653.0	2927.0	3501.0	2813.0	2902.0	2549.0	3100.0	3631.0	3377.0	2286.0	0.0	
2753.0	2782.0	3293.0	3872.0	2583.0	3661.0	2742.0	3289.0	2925.0	3133.0	0.0	
3471.0	3797.0	2635.0	2670.0	3327.0	3036.0	2393.0	3417.0	3244.0	2899.0	0.0	
2830.0	2847.0	3175.0	3255.0	2927.0	3347.0	3511.0	3571.0	2686.0	2183.0	0.0	
3156.0	3713.0	2811.0	2827.0	3817.0	2532.0	2351.0	3584.0	3067.0	2967.0	0.0	
2673.0	3260.0	2669.0	2070.0	3140.0	3331.0	3365.0	3143.0	3592.0	3843.0	0.0	
2904.0	2923.0	2407.0	3949.0	2288.0	3015.0	3178.0	3673.0	2711.0	3696.0	0.0	
2502.0	2692.0	2324.0	3828.0	3383.0	2600.0	3582.0	3208.0	2863.0	3708.0	0.0	
2600.0	2832.0	3578.0	2289.0	3156.0	3121.0	3563.0	3033.0	3726.0	3007.0	0.0	
2969.0	3248.0	3060.0	3694.0	3528.0	2175.0	2634.0	3018.0	3028.0	3119.0	0.0	
3977.0	3600.0	2526.0	3142.0	3067.0	3280.0	2723.0	3708.0	3056.0	2049.0	0.0	
3149.0	2946.0	1737.0	3429.0	3195.0	3305.0	3067.0	3481.0	3119.0	2975.0	0.0	
3058.0	2723.0	3114.0	3256.0	2561.0	2992.0	3825.0	3369.0	2800.0	2736.0	0.0	
2650.0	3393.0	2555.0	3252.0	3570.0	2933.0	3875.0	3133.0	3054.0	3014.0	0.0	
3108.0	3062.0	3334.0	2691.0	3009.0	3165.0	2878.0	3414.0	2751.0	2511.0	0.0	
2917.0	3688.0	2828.0	3600.0	2700.0	3094.0	3138.0	3540.0	2456.0	2594.0	0.0	
2973.0	2172.0	3601.0	3060.0	2617.0	3487.0	3213.0	3765.0	3271.0	3475.0	0.0	
3763.0	3075.0	3256.0	3480.0	3291.0	2300.0	3361.0	3176.0	3335.0	2292.0	0.0	
2965.0	2845.0	3676.0	3200.0	3208.0	2927.0	2047.0	3544.0	2994.0	3100.0	0.0	
3433.0	2290.0	3066.0	3891.0	2922.0	2898.0	2500.0	2869.0	2929.0	3146.0	0.0	
3032.0	2986.0	2260.0	3862.0	3022.0	2639.0	2531.0	2800.0	3380.0	2604.0	0.0	
3127.0	3502.0	3476.0	2511.0	3469.0	2588.0	3564.0	1911.0	2022.0	3875.0	0.0	
2726.0	3363.0	3857.0	2516.0	2186.0	2983.0	4231.0	3271.0	2750.0	2847.0	0.0	
3666.0	3494.0	1783.0	2844.0	2747.0	3195.0	3179.0	3396.0	2507.0	3490.0	0.0	
2381.0	4403.0	2500.0	2650.0	3051.0	3189.0	3326.0	2348.0	2602.0	3451.0	0.0	
2981.0	3142.0	2725.0	2213.0	3061.0	2941.0	3791.0	2706.0	3151.0	3248.0	0.0	
2664.0	3275.0	3054.0	2950.0	2742.0	3173.0	4000.0	2000.0	2398.0	3534.0	0.0	
3376.0	3418.0	2558.0	2150.0	3701.0	2931.0	3472.0	2666.0	3243.0	3066.0	0.0	
2823.0	3334.0	2098.0	2952.0	2793.0	2952.0	3240.0	4064.0	2475.0	3216.0	0.0	
3809.0	3166.0	3178.0	3979.0	2705.0	2882.0	2364.0	2558.0	2238.0	3327.0	0.0	
3298.0	2644.0	2944.0	3375.0	1754.0	3364.0	3106.0	2507.0	3251.0	3662.0	0.0	
3390.0	3395.0	3222.0	3464.0	2524.0	2402.0	3606.0	2521.0	2207.0	3567.0	0.0	
3568.0	3266.0	3186.0	2795.0	2950.0	2348.0	2919.0	3573.0	2784.0	3267.0	0.0	
3582.0	2439.0	2621.0	2810.0	2001.0	3786.0	3479.0	3055.0	3250.0	3473.0	0.0	
3811.0	2748.0	3750.0	3285.0	3386.0	3169.0	2540.0	2528.0	2781.0	2947.0	0.0	
2502.0	3371.0	2620.0	2919.0	3531.0	2343.0	3078.0	3070.0	3283.0	3427.0	0.0	
2594.0	3155.0	3471.0	2387.0	3934.0	3679.0	1831.0	2844.0	3880.0	3488.0	0.0	
2898.0	2985.0	3213.0	2963.0	2493.0	3011.0	3337.0	2759.0	3310.0	4076.0	0.0	
3192.0	2394.0	2380.0	4483.0	2806.0	2862.0	2216.0	2793.0	4043.0	3517.0	0.0	
3350.0	3653.0	2666.0	2347.0	2959.0	2916.0	3050.0	3033.0	3660.0	2699.0	0.0	
2450.0	3272.0	3582.0	2681.0	3113.0	3065.0	3497.0	2829.0	2905.0	3561.0	0.0	
3402.0	2738.0	4087.0	2902.0	2453.0	2673.0	2565.0	2480.0	3072.0	3579.0	0.0	
3274.0	2955.0	3396.0	2481.0	4505.0	2616.0	2778.0	3108.0	2692.0	3013.0	0.0	
3263.0	3304.0	2878.0	2371.0	3987.0	3534.0	3062.0	1571.0	3267.0	3294.0	0.0	
3856.0	2852.0	4037.0	2856.0	2303.0	2506.0	3369.0	2290.0	2596.0	3781.0	0.0	
2820.0	3484.0	3604.0	2570.0	3682.0	2838.0	2510.0	3374.0	2451.0	3121.0	0.0	
3686.0	2879.0	2616.0	2804.0	3313.0	4196.0	2728.0	2940.0	2741.0	3041.0	0.0	
2952.0	3382.0	2664.0	1928.0	4214.0	3166.0	3848.0	3571.0	2280.0	2624.0	0.0	
3098.0	3625.0	2438.0	2870.0	3434.0	3438.0	3373.0	2461.0	3075.0	3243.0	0.0	
3627.0	3547.0	3454.0	2813.0	2511.0	3294.0	2755.0	3439.0	3178.0	2786.0	0.0	
2364.0	2163.0	3252.0	2858.0	3328.0	2666.0	3032.0	4170.0	3792.0	3060.0	0.0	
3392.0	3778.0	2381.0	2734.0	2632.0	2856.0	2886.0	2837.0	3474.0	3674.0	0.0	
3493.0	3486.0	3110.0	2677.0	2258.0	3178.0	3460.0	2704.0	2939.0	2902.0	0.0	
3331.0	3496.0	3511.0	3334.0	2398.0	3047.0	3347.0	3299.0	2397.0	2746.0	0.0	
2176.0	3239.0	4247.0	3059.0	2959.0	2170.0	3477.0	2950.0	2663.0	3044.0	0.0	
3261.0	3674.0	2607.0	3094.0	3187.0	2694.0	2229.0	3593.0	3598.0	2580.0	0.0	
3329.0	3039.0	3045.0	2839.0	3009.0	3653.0	3347.0	2536.0	2816.0	3453.0	0.0	
3358.0	3598.0	2747.0	3076.0	4028.0	2797.0	2796.0	3653.0	3056.0	2726.0	0.0	
3377.0	3700.0	3385.0	2691.0	2660.0	3197.0	3188.0	3314.0	3109.0	2532.0	0.0	
3698.0	3132.0	3661.0	2830.0	2355.0	2940.0	2853.0	3056.0	3438.0	3048.0	0.0	
2533.0	2992.0	3135.0	3382.0	3031.0	2722.0	2893.0	2486.0	3416.0	3536.0	0.0	
3006.0	3930.0	2917.0	3626.0	3047.0	2448.0	2982.0	2615.0	3218.0	3033.0	0.0	
3207.0	3546.0	2472.0	2995.0	2716.0	3474.0	3771.0	1811.0	3165.0	3138.0	0.0	
3248.0	3556.0	2801.0	3104.0	2478.0	3105.0	3171.0	2305.0	2807.0	3456.0	0.0	
3127.0	3806.0	2837.0	2855.0	3492.0	2865.0	2343.0	3299.0	3305.0	2260.0	0.0	
3196.0	3378.0	2817.0	2807.0	2949.0	2686.0	2737.0	3644.0	3480.0	3054.0	0.0	
1521.0	3894.0	3166.0	2350.0	2812.0	3652.0	2946.0	2683.0	3568.0	3139.0	0.0	
2491.0	3022.0	3345.0	3686.0	2581.0	3164.0	2384.0	3135.0	3279.0	3168.0	0.0	
3366.0	2777.0	2466.0	2683.0	2918.0	3166.0	2856.0	3807.0	3357.0	3068.0	0.0	
2500.0	2948.0	4076.0	2491.0	3307.0	2836.0	3367.0	3120.0	2621.0	3603.0	0.0	
